---------------------------------------------------------
[E6] 第6章 配列(1) に関する考察・感想用テンプレート
---------------------------------------------------------

課題： E6
学生番号： 37022465
氏名： 高橋 由
作成日： 5/16/2023


（注意）【以下は確認の上，消去してからレポート提出を行って下さい】
  ・ プログラミングの力がつかないため，他の学生・先輩などが作成したプ
       ログラムをコピーすることは厳禁です．

  ・ 各課題に対して，
      - 学習内容（どのようなプログラムを作成したか，この課題を通して学んだ事項，
           作成中に間違えた箇所，など）
      - 結果（結果を報告する．実行結果も貼り付けよ）
      - 習得した内容，苦労した点，工夫した点，考察など
     について必ず記すこと．

  ・ プログラムが完成次第，1問ごとにその都度以下のレポート欄に
       記入して下さい．あとからまとめて記そうとすると，書くべき事項を
       忘れることが多くあります．

-----------------------------------------------
(E6_1)

学習内容：
配列に偶数を代入し、指定された2個の要素を入れ替えるプログラムを作成する。

結果：
1~10の2つの整数を入力してください >> 2 8
2 16 6 8 10 12 14 4 18 20

習得した内容・反省・考察など：
一時保管用の変数を作り、配列の要素を入れ替える方法を確認した。

-----------------------------------------------
(E6_2) 

学習内容：
配列の各要素をベクトルの成分とみなし、和と内積を計算するプログラムを作成する。

結果：
整数を入力してください >> 2
ベクトルの和: (5, 1, 3, 6)
ベクトルの内積: 1

習得した内容・反省・考察など：
配列を用いることでベクトルを表現できることを確認した。

-----------------------------------------------
(E6_3) 

学習内容：
ある配列の要素を逆順に並び替えるプログラムを作成する。

結果：
36 25 16 9 4 1 0

習得した内容・反省・考察など：
for文を駆使して配列の順番を逆転する方法を確認した。

-----------------------------------------------
(E6_4) 

学習内容：
配列内の指定された要素を別の配列に格納して表示するプログラムを作成する。

結果：
mを入力してください >> 2
nを入力してください >> 4
配列aの要素: 0 1 4 9 16 25 36 49 64 81 
配列bの要素: 4 9 16

習得した内容・反省・考察など：
配列の一部分を取り出す方法を確認した。

-----------------------------------------------
(E6_5) 

学習内容：
最高点と最低点を出力するプログラムを作成する。

結果：
7人目の点数を入力してください: 40
最高点は 95 点です。
最低点は 40 点です。

習得した内容・反省・考察など：
最低値と最高値を求める方法を確認した。

-----------------------------------------------
(E6_6) 

学習内容：
テストの点数の平均、分散などを計算するプログラムを作成する。

結果：
7人目の点数を入力してください >> 79
平均: 72.71
分散: 310.86
標準偏差: 17.63

習得した内容・反省・考察など：
配列を用いて平均、分散、標準偏差を求める方法を確認した。

-----------------------------------------------
(E6_7) 

学習内容：
バブルソートのプログラムを作成する。

結果：
初期配列: 54 28 72 9 39 44 69 15 97 88 

ソート中:
54 28 72 9 39 44 69 15 88 97 
54 28 72 9 39 44 69 15 88 97 
54 28 72 9 39 44 15 69 88 97 
54 28 72 9 39 15 44 69 88 97 
54 28 72 9 15 39 44 69 88 97 
54 28 72 9 15 39 44 69 88 97 
54 28 9 72 15 39 44 69 88 97 
54 9 28 72 15 39 44 69 88 97 
9 54 28 72 15 39 44 69 88 97 
9 54 28 72 15 39 44 69 88 97 
9 54 28 72 15 39 44 69 88 97 
9 54 28 72 15 39 44 69 88 97 
9 54 28 72 15 39 44 69 88 97 
9 54 28 72 15 39 44 69 88 97 
9 54 28 15 72 39 44 69 88 97 
9 54 15 28 72 39 44 69 88 97 
9 15 54 28 72 39 44 69 88 97 
9 15 54 28 72 39 44 69 88 97 
9 15 54 28 72 39 44 69 88 97 
9 15 54 28 72 39 44 69 88 97 
9 15 54 28 72 39 44 69 88 97 
9 15 54 28 39 72 44 69 88 97 
9 15 54 28 39 72 44 69 88 97 
9 15 28 54 39 72 44 69 88 97 
9 15 28 54 39 72 44 69 88 97 
9 15 28 54 39 72 44 69 88 97 
9 15 28 54 39 72 44 69 88 97 
9 15 28 54 39 44 72 69 88 97 
9 15 28 54 39 44 72 69 88 97 
9 15 28 39 54 44 72 69 88 97 
9 15 28 39 54 44 72 69 88 97 
9 15 28 39 54 44 72 69 88 97 
9 15 28 39 54 44 69 72 88 97 
9 15 28 39 54 44 69 72 88 97 
9 15 28 39 44 54 69 72 88 97 
9 15 28 39 44 54 69 72 88 97 
9 15 28 39 44 54 69 72 88 97 
9 15 28 39 44 54 69 72 88 97 
9 15 28 39 44 54 69 72 88 97 
9 15 28 39 44 54 69 72 88 97 
9 15 28 39 44 54 69 72 88 97 
9 15 28 39 44 54 69 72 88 97 
9 15 28 39 44 54 69 72 88 97 
9 15 28 39 44 54 69 72 88 97 
9 15 28 39 44 54 69 72 88 97 

ソート後: 9 15 28 39 44 54 69 72 88 97

習得した内容・反省・考察など：
for文を駆使して一時保管用の変数も作成することで、バブルソートが実装できることを確認した。

-----------------------------------------------
(E6_8) 

学習内容：
1年の何日目にあたるかを表示するプログラムを作成する。

結果：
月と日を入力してください (例: 2 1) >> 11 24
11 月 24 日は 1 年の 328 日目です。

習得した内容・反省・考察など：
毎月の日数を配列に格納し何日目かをカウントする、という使い方もできることを知った。

-----------------------------------------------
[E6] 全体に対する感想などを以下に記すこと．
所要時間： ( 1 ) 時間

感想: 
マクロ定数や配列の扱い方を確認することができた。また、バブルソートについても理解できたが、もう少し練習したいと思う。